-161.568209306
-269.793316897
-227.130746829
-223.109280715
-150.87686082
-149.346738233
-271.908392624
-177.3069807
-150.772094921
-89.1464656007
-95.1669367293
-176.824507586
-154.90313347
-361.110817435
-147.325068318
-156.797251499
-110.428531369
-219.220015795
-230.900445944
-208.341721569
-212.216662258
-204.815867374
-292.989338937
-197.804257316
-218.253194353
-144.820334049
-42.6394317334
-60.1034376033
-126.736515921
-102.221987566
-105.060722619
-105.323003543
-123.566247679
-71.5852677974
-88.9484775611
-115.30051007
-92.4818425842
-64.8777049918
-189.456534829
-146.122630914
-152.851921776
-242.201443335
-217.933699821
-126.357004678
-178.524559884
-538.764661597
-139.494565516
-60.7780026455
-122.458896714
-109.319555463
-180.249265312
-200.336464946
-119.155435055
-140.847530079
-181.869030121
-269.963424566
-200.859978792
-243.688091663
-216.683577607
-175.686685846
-218.293602606
-266.173023894
-197.470182288
-86.0121561695
-126.72603098
-166.199562588
-174.076477273
-235.610105576
-235.247536726
-102.056417819
-115.257959727
-222.895743387
-238.577090178
-198.355282544
-90.0868233942
-118.908944239
-117.720146404
-78.0672825313
-108.150656606
-82.7888034454
-102.120560105
-212.687971944
-118.429192993
-124.002604902
-188.465406419
-83.6167350586
-68.7737542174
-52.6307448745
-170.751355089
-232.359750312
-92.6692567256
-139.361261538
-236.089124394
-183.257637519
-153.952937753
-200.314608512
-130.412755128
-249.115723451
-110.713026259
-72.7795861116
-250.118228987
-202.529985957
-128.512162579
-141.120632633
-212.513652605
-150.850737132
-93.434285918
-336.607352418
-315.039311304
-195.168982239
-160.452782586
-196.746873954
-133.983124736
-131.317826203
-69.1664630297
-134.969977603
-166.136315443
-165.605228302
-144.547919299
-47.1069563235
-61.9638299003
-161.096530139
-206.46792696
-172.726292591
-48.9639965154
-221.275622484
-195.167602624
-85.0582760289
-269.079344413
-239.871659083
-233.601593879
-233.027285165
-149.071971775
-221.635469658
-158.052891805
-159.4684733
-183.02052894
-146.260976748
-104.807943614
-112.715547569
-285.819028318
-210.379859287
-92.2546148646
-136.466867626
-206.410067602
-233.523179432
-234.934168498
-73.5113125776
-58.8209685566
-56.5080053434
-179.193579944
-268.539535786
-73.2103253314
-146.789297581
-84.1221367788
-239.739004446
-88.1745015295
-96.0852325634
-203.076734269
-134.971675952
-98.2780865326
-186.157739627
-112.905953872
-125.385758535
-324.617139732
-112.074677328
-223.292011775
-207.505448834
-242.280558598
-154.244675421
-250.628895118
-138.441071936
-217.127199309
-128.83809928
-244.216010575
-105.784331134
-201.007176749
-220.159825046
-151.95353997
-92.7997573872
-134.465119879
-95.6847103303
-125.832285043
-138.170097302
-63.5821554012
-127.537717201
-54.5538132537
-278.339224534
-247.088602623
-233.401570748
-198.732275003
-308.796037238
-240.419605113
-157.867820085
-98.0432040682
-69.4815708871
-122.526609242
-135.377441743
-285.536362683
-145.122630914
-75.8133133897
-159.644969104
-100.810274192
-354.879752722
-115.633843403
-208.313378825
-284.804691009
-153.236466803
-55.7674181843
-238.153702865
-341.327606715
-312.318680497
-147.961365968
-48.2317720459
-218.419503489
-183.132835876
-167.492487668
-100.416036727
-293.066327781
-248.289479392
-60.2338883806
-154.84638886
-92.2516186035
-377.389304507
-119.408110792
-231.650321075
-106.915103609
-100.71413358
-154.795824105
-353.219298339
-224.062188019
-60.4044937741
-101.311060185
-72.184589099
-76.5676581916
-57.9951137494
-188.781643343
-172.465291638
-151.837842845
-189.692918638
-154.959775137
-158.62241688
-152.18525511
-191.232353087
-211.271348629
-148.180714519
-79.5947053284
-150.525746559
-90.527426062
-126.379032574
-49.3710262038
-176.350965188
-186.00791995
-202.370955659
-88.3460259204
-113.619045364
-80.2790383921
-212.880155938
-112.756582284
-199.829824456
-169.700687392
-87.2515647951
-88.9614970303
-157.561974139
-257.176458993
-215.17637746
-262.671899091
-192.477030048
-174.469097237
-221.694161524
-313.491390828
-261.353253915
-146.784238814
-286.078740391
-179.473072592
-193.770889884
-179.560711126
-108.323827922
-298.071681109
-218.689457415
-369.16856996
-233.440302232
-322.410361269
-246.826927286
-351.498790987
-424.891382828
-192.837070958
-116.263398259
-165.886269262
-181.422766107
-257.933245002
-109.168598423
-97.4773509493
-107.211278462
-246.699747613
-127.05402723
-116.840918034
-156.5188798
-271.330562472
-125.792588105
-101.535353792
-175.379740121
-200.993621271
-149.447322252
-120.001486366
-126.811114676
-297.85294389
-178.894084061
-156.898189103
-346.4911916
-106.330916125
-163.792361921
-266.872869119
-277.3815493
-82.7550808917
-75.7391825825
-71.5411521525
-140.601874881
-180.597340542
-111.677055163
-83.7372710096
-240.963630982
-114.400363497
-174.22989318
-53.4080840136
-224.688842261
-70.243321129
-229.503778265
-160.390785827
-224.024420861
-151.913108093
-171.085959366
-132.650737173
-124.448555414
-281.138670847
-211.693285792
-339.697593618
-218.850826377
-205.02597241
-166.675973571
-184.748173428
-188.929759385
-61.3600837814
-144.253820667
-70.3506409612
-230.247335164
-237.290272051
-147.606411017
-91.0961839402
-158.257795086
-25.2814536192
-275.206830606
-139.195712512
-200.097433434
-140.422325186
-291.010190083
-141.18833833
-67.0827718162
-168.579107471
-152.489527806
-247.666692364
-125.174293732
-116.009532773
-104.659631696
-216.913442013
-196.035774756
-54.5233686583
-174.44524615
-189.389079439
-258.942240693
-101.970153986
-238.208743995
-237.449017356
-115.795996009
-135.321644254
-166.578507129
-230.996241434
-204.55653079
-142.633185687
-256.731854682
-103.139421281
-160.599245774
-198.787691827
-218.714614075
-264.772324512
-160.744972675
-110.055401207
-138.178729881
-49.9574735602
-104.707222619
-91.9255584477
-87.8837863104
-169.152770275
-173.256055362
-309.914509821
-235.023035932
-227.059689742
-105.876726099
-239.203496644
-256.89698472
-246.008911121
-230.365232608
-177.551768266
-173.405978727
-236.974605115
-139.271760132
-154.642887734
-154.725110919
-181.305423586
-114.974248527
-116.590830757
-207.709551423
-196.28521298
-135.223048708
-237.602658197
-85.8994092528
-212.631699758
-309.059080203
-223.262857495
-161.119449253
-187.266174712
-84.6935203642
-91.9642649988
-132.42202554
-314.347099798
-242.261634084
-156.154762637
-160.176834473
-248.4537886
-155.939253917
-219.092972581
-113.08589134
-91.9464947926
-17.1015481998
-186.405468309
-150.095434885
-114.031391763
-236.062460146
-117.698602425
-77.0083008899
-83.2711864027
-227.625636466
-197.711989935
-183.417071645
-132.977163907
-167.727883421
-180.948618585
-150.135989047
-270.495565883
-194.204613062
-448.424488507
-151.83351227
-210.400900964
-63.0355581808
-180.863047593
-197.442694901
-239.499717758
-189.114976676
-152.405100203
-144.92958775
-22.6936681725
-148.101743012
-49.2945288667
-176.542323249
-111.761456296
-222.895307593
-189.377604828
-216.445495767
-130.479612758
-181.204245642
-225.812681392
-268.592674
-251.578563232
-47.1658899235
-168.77649089
-149.540235033
-210.577859072
-110.696542917
-197.355016766
-91.4963895939
-112.806801173
-154.990110158
-235.852959792
-291.409697455
-181.032580838
-213.648383879
-99.2189446358
-140.107763503
-158.676615932
-108.041248367
-110.351307825
-121.054038528
-194.931573582
-116.533522564
-130.349959986
-254.624854432
-153.013730719
-125.477614477
-112.378886206
-100.303896672
-201.118934131
-180.171841571
-119.348336225
-155.926118984
-164.087911216
-70.9475989704
-157.814156127
-225.725973789
-152.24603787
-154.914009554
-149.124930201
-66.5146152845
-238.427175947
-144.14758991
-188.223042375
-188.643550148
-111.762273455
-224.820332609
-158.337805701
-171.218438605
-264.138012071
-154.848188856
-125.727355174
-123.065227751
-150.492983244
-231.535941225
-119.892252607
-452.370382756
-124.276000126
-142.414590477
-68.0263463715
-158.322140169
-128.240686741
-81.1271059128
-137.623817664
-85.4679718762
-40.6652005435
-232.988256342
-131.685346604
-186.574508176
-74.7339118925
-96.3525723002
-119.950787866
-120.040221608
-167.653507554
-63.2706850778
-160.5297169
-61.5499279348
-125.197592402
-107.778247083
-226.461274001
-69.8796632424
-96.061322396
-230.294442142
-83.9058530789
-145.671418596
-87.798963623
-153.798055656
-91.7978643708
-203.874257171
-98.5307186166
-168.213118475
-149.782181359
-176.66369676
-174.765032155
-147.793764597
-189.841834091
-61.7658273535
-146.686831571
-238.35320707
-283.569940855
-97.0886904713
-54.9534634646
-74.4307882929
-94.2819362236
-34.9006938625
-33.5564175942
-42.8525466455
-263.669742901
-104.818363864
-169.542710329
-251.631102635
-87.5231027594
-136.65757821
-158.953045956
-122.378946158
-134.669388586
-85.7851531067
-205.272565946
-185.888480696
-245.783388593
-95.2235783965
-186.027286902
-126.991337125
-144.102298886
-244.905381637
-157.969045549
-157.214700747
-184.364172397
-310.643283989
-39.8315184295
-175.194593797
-112.869991921
-46.9299171174
-341.061167514
-78.0977267723
-95.2546148646
-120.638289843
-120.440895007
-139.546980961
-207.573495739
-194.224482891
-57.9313692164
-154.17197356
-133.096108114
-118.603098292
-107.467934121
-150.258916519
-107.976183475
-48.8266535989
-183.790017055
-293.160686602
-184.469997343
-64.8824798513
-138.979270109
-121.356034913
-221.98971491
-114.577201736
-120.938078115
-64.5136102719
-121.243321486
-243.789954917
-132.420653504
-113.859867372
-117.869201121
-201.056029783
-114.526534038
-117.795660904
-73.2298374383
-158.214700747
-103.699738721
-259.645906812
-266.475170317
-111.103735317
-204.504672114
-206.724650315
-209.146931823
-153.918605204
-165.161070182
-244.445877763
-179.215834115
-238.252267313
-199.401218979
-91.4477548697
-199.606645933
-76.8528256261
-204.221946745
-315.066102443
-176.400159476
-186.804815095
-95.8032451923
-283.470005567
-168.634129943
-205.335591222
-214.800342518
-215.755365991
-92.0639042808
-115.209687631
-213.308422404
-201.273526099
-205.945641052
-144.325191773
-96.2725688468
-208.240768457
-111.140835954
-143.040384048
-172.575534092
-56.3246683424
-84.6030863569
-114.119069898
-93.129632651
-147.083668016
-125.517378407
-107.997696892
-233.044853772
-196.283250236
-238.781229375
-122.178519682
-74.5297856354
-246.105192973
-200.215197523
-202.472140538
-92.7872126146
-134.131485162
-201.490902383
-228.748758576
-168.986840887
-150.137278512
-184.667130679
-234.734904081
-109.163755068
-240.92830075
-121.042953917
-230.566405895
-103.204104083
-188.589883883
-89.9484775611
-144.136178243
-388.888904726
-183.204245642
-157.568500928
-146.512605915
-165.018122416
-63.4324940202
-180.063506335
-104.34994579
-117.944257623
-59.7134626028
-128.455966888
-152.454373417
-162.29151764
-110.964133807
-140.942399874
-82.2449093195
-112.120075895
-95.970113684
-124.884990266
-133.442687667
-168.08032509
-88.0485754909
-60.1171364102
-80.118398768
-267.316202917
-69.7642365227
-141.671134096
-170.704711669
-144.99712179
-121.851660628
-110.182679582
-108.538932028
-157.616190918
-180.701782646
-138.527207656
-129.079421795
-145.136178243
-194.815147218
-215.661547876
-179.566094525
-103.213917551
-143.647772727
-302.821829184
-115.346841613
-234.565639201
-101.58602149
-77.3416342232
-106.673648423
-179.316843277
-114.949293254
-122.086385315
-119.00089929
-282.48431439
-183.989492471
-257.912279796
-228.547481381
-116.957804951
-172.911914833
-112.704033694
-76.4620965737
-273.59640521
-208.961860104
-43.6144289959
-237.483915634
-146.921389184
-141.409660342
-98.5806491765
-128.915162
-57.322005634
-152.875384886
-83.710295098
-124.521009954
-172.872755778
-207.701406866
-158.779435234
-99.040010976
-144.352931799
-105.292798902
-53.827074898
-220.948762661
-214.78895365
-293.58169807
-174.370040144
-81.5971038289
-209.899678531
-276.514023286
-151.18525511
-162.897265723
-92.6804595231
-89.2129539048
-63.7895464608
-245.490644319
-171.978047738
-174.102911489
-290.471117213
-150.283724588
-259.778581789
-67.1298100753
-149.367230834
-141.637891307
-157.15552991
-122.58213045
-149.16348179
-148.322934787
-158.77131788
-198.835473408
-156.647891807
-187.536240784
-290.107184574
-391.637624093
-133.521461479
-46.9450069113
-203.494361495
-307.429323591
-221.486080481
-123.701632967
-172.459600467
-203.947172439
-150.777790969
-124.610725351
-112.810403425
-85.7733039581
-132.462123618
-133.131977772
-161.012139888
-161.124895363
-207.519883428
-239.67187179
-162.967240079
-90.7305709475
-228.747302071
-172.573148718
-145.738629883
-84.7888034454
-53.7931408045
-109.025409235
-135.23909591
-82.8117225588
-155.316027584
-233.804556659
-121.77871576
-126.070119796
-110.279181787
-369.921649524
-198.303702086
-298.233775747
-370.185040944
-171.178340527
-54.5229667374
-50.7946142141
-167.058424007
-199.555585391
-148.988951374
-101.501019206
-150.583204846
-274.056710323
-210.077483412
-261.804107054
-169.746341099
-80.2628510232
-179.30592494
-163.407560999
-113.339629054
-219.654397869
-107.397861551
-134.01495413
-154.78770675
-249.706803103
-240.034359404
-446.579536662
-214.3596619
-313.021407775
-182.440342574
-290.537231695
-163.899497274
-226.644338547
-152.713575943
-111.941571538
-160.882518285
-286.832968377
-162.429863473
-93.4065080259
-224.958678442
-152.369278647
-179.473072592
-237.508880113
-188.465799149
-172.726292591
-55.6819715999
-171.895674892
-243.010004916
-345.831135094
-120.981276619
-95.8902450631
-279.503175566
-94.1691682802
-175.897264539
-282.534948428
-147.483451634
-64.0309117838
-61.0447505705
-120.408110792
-296.295545895
-290.704154153
-199.411658433
-323.074762498
-158.867820085
-119.276889509
-210.796391894
-169.745675018
-259.832457321
-177.055972702
-175.90165742
-173.090662392
-283.132831795
-186.138148428
-249.569913477
-103.865735119
-205.743400935
-73.7102809411
-191.005785123
-243.599449481
-108.817665957
-161.635720774
-166.14889489
-240.650670746
-148.491078694
-146.455964248
-95.0318222486
-60.6601905118
-312.214155166
-260.781090643
-291.847688791
-204.734960662
-210.100205937
-260.389233455
-95.4344748689
-278.413155008
-235.703867613
-101.117693247
-106.666470702
-163.421844138
-44.796205045
-262.994488603
-133.489786739
-184.172410516
-254.718973655
-93.1346495496
-139.151709132
-247.776114442
-182.617400954
-125.833222601
-189.717428317
-225.233676557
-88.1745015295
-174.117709529
-152.20274425
-129.071434497
-100.480653674
-126.790058936
-156.959343355
-70.1897300552
-260.190466074
-144.40057833
-153.540165461
-187.94962056
-158.115397559
-120.27331404
-137.353821182
-311.049808496
-98.9866215679
-82.4113047738
-80.1760923603
-89.8197194141
-138.756853376
-62.5927026338
-137.538081667
-112.440738091
-103.634302253
-431.59030812
-240.331391216
-310.694499402
-126.435674241
-180.164128045
-96.0375654049
-169.94186436
-44.9274745547
-153.667390309
-173.860620423
-156.721261241
-157.345938669
-56.0512771816
-116.49549757
-73.2683763729
-66.4294027253
-89.8691133694
-73.1388826159
-140.407661868
-95.2235783965
-125.350467991
-104.211882589
-153.338834406
-81.792865816
-195.903668305
-90.2385273603
-65.5453163467
-147.40529655
-88.234686922
-62.7529736496
-131.861968086
-68.9580957325
-96.0852325634
-107.444769797
-142.524594896
-168.603992432
-146.732980068
-154.157391629
-128.574020075
-394.503415671
-281.169842233
-294.932210368
-134.465119879
-225.721140599
-342.029364069
-241.914475205
-255.919145119
-39.1733287628
-25.5809275384
-94.1179415548
-365.113492902
-162.413128491
-80.8444315502
-118.472578457
-171.192691412
-214.147422616
-172.823291832
-117.226923259
-131.182953985
-259.61953434
-35.4464369849
-181.902956803
-166.427334303
-185.89249323
-306.476040234
-128.102340908
-241.483667172
-97.8450234757
-218.818472378
-141.847530079
-193.17571142
-127.220963446
-101.726550294
-89.0126925871
-124.218657011
-130.654959265
-125.4432476
-107.707343798
-82.4492349451
-160.012139888
-207.387148489
-146.317618415
-155.316027584
-128.97211243
-113.419224673
-163.605776017
-210.100205937
-102.360333399
-112.550276289
-91.8514276406
-62.465672578
-138.253743508
-149.921172433
-108.497088401
-274.861371066
-365.657738903
-106.498970589
-84.0573377264
-110.801882928
-173.864638424
-186.476050035
-252.229456619
-272.856714906
-233.734904081
-212.478137908
-168.074772642
-65.8787457578
-136.051092848
-76.5769393983
-119.69272518
-313.780928375
-176.395856201
-137.019715887
-117.215338396
-98.559273434
-66.7259753736
-44.358735334
-53.0666721197
-67.7075948555
-79.155558576
-51.1573653015
-173.52155124
-58.8191517259
-157.54803408
-26.8669529541
-28.1004328602
-41.9085500407
-158.483819054
-206.69489347
-134.183775739
-106.349440569
-125.217635417
-139.7046503
-108.126240355
-141.254605788
-138.326782604
-170.835484143
-187.632048551
-212.831828214
-205.903411451
-74.857897186
-150.900447384
-264.223413375
-114.828830904
-170.375682047
-77.0945733292
-148.643243472
-42.2293918056
-76.6749675566
-142.50482496
-124.122305212
-247.332375634
-200.703605275
-159.447074396
-79.2051791365
-164.818709793
-78.0569083588
-127.266600094
-135.973500092
-118.050640749
-260.769292674
-275.559274533
-153.982694251
-146.984285081
-65.7995499072
-72.7102809411
-193.789674281
-212.9988791
-177.03689691
-199.527085153
-182.593211412
-166.922870922
-117.934006737
-87.4424770862
-174.175052644
-44.6578592119
-43.7220742379
-63.5398033851
-210.439513239
-141.180863412
-159.483819054
-135.682640708
-76.8684481035
-122.990939762
-229.428766778
-74.3369607331
-91.0942393014
-116.886914509
-90.0358198195
-106.891782756
-64.6970737322
-55.9955842424
-138.685810598
-222.951222504
-316.902820091
-399.233892473
-69.2359156891
-189.565142425
-135.23909591
-109.201243921
-226.040281234
-215.374600056
-179.422404895
-84.7660990505
-116.277590957
-68.7075948555
-137.007068144
-188.909112174
-134.35452263
-108.968767567
-207.308204347
-62.8164950513
-113.469892371
-132.025680932
-43.6012175447
-84.4858051327
-72.9862711597
-118.913979869
-100.202020459
-102.501518841
-179.840428661
-63.8731367184
-152.59271925
-64.3218967715
-178.334726759
-184.50251823
-185.3820052
-182.712773627
-85.5431482474
-119.115336977
-106.009899049
-273.831789884
-110.111468656
-102.30519603
-33.3214141523
-174.079165365
-140.66417223
-115.620094078
-109.677462078
-206.574680051
-40.7741753148
-103.12558338
-132.496156347
-85.7888034454
-71.1888320188
-82.1204969927
-76.8880824687
-72.5887788786
-52.5986820545
-156.034512629
-254.723334903
-141.674357199
-188.932882665
-88.4201567275
-81.0350146153
-68.3482606849
-51.8077613476
-111.620717887
-31.0032952744
-44.796205045
-60.5695058764
-194.151879477
-58.0059571598
-142.458003617
-34.0280967606
-164.431032667
-95.1669367293
-133.441656769
-212.944523451
-234.386772708
-55.1339300755
-93.6521632239
-66.8284515486
-66.0618308308
-218.414459299
-99.8292806533
-43.3555623467
-45.0733406936
-60.2369577997
-90.4411685767
-123.919150481
-104.122094108
-53.4383617674
-136.961459585
-148.407187296
-150.819145089
-242.506651491
-228.718147791
-201.671404955
-103.058485072
-171.929884347
-121.908944239
-147.676833628
-109.018342584
-74.9286315373
-189.528683833
-235.434749306
-92.120545948
-31.8560283737
-395.991970195
-216.431948439
-124.57937219
-223.763690942
-56.8747275493
-113.373390165
-115.193200705
-57.2647025497
-38.5211042096
-143.118267581
-151.536077583
-87.074947535
-73.0944785611
-101.916889718
-117.276363268
-75.6576763011
-71.1514105411
-155.324144939
-29.6610408735
-144.520179274
-269.234498751
-99.3901191553
-246.868868509
-137.083422868
-128.311791434
-52.9609052205
-37.7355031255
-29.6610408735
-180.825045084
-125.463714448
-70.5209812276
-48.3866136561
-110.602924356
-168.899951808
-130.305445763
-169.174598109
-179.674160042
-133.020883901
-187.643550148
-52.4251719865
-241.331001282
-130.607742628
-187.404576285
-224.422752538
-72.3769476078
-123.865509144
-167.407697222
-179.753828624
-123.340215152
-177.593258672
-147.845939248
-144.431399446
-201.816417669
-162.692585679
-143.84500091
-155.950670157
-106.925673228
-154.665376647
-232.001679966
-126.517555134
-256.243654382
-117.750749174
-250.911515644
-79.045319886
-231.574977326
-114.146818482
-59.662794905
-245.230597616
-150.482413624
-58.7701042699
-154.821429304
-149.924265331
-296.423335224
-73.3006915583
-173.726292591
-40.5475535858
-225.694011626
-226.292524184
-183.11972095
-181.910678618
-260.349737496
-90.6179477346
-211.202053741
-170.704038613
-51.871548528
-154.229380346
-242.600407245
-153.091885803
-218.381280741
-96.9796709455
-72.9438951157
-311.770216025
-130.923369138
-156.832420284
-237.201996156
-254.252478453
-79.192654735
-97.6723384495
-354.777476638
-52.8318718103
-111.768757576
-49.6200935621
-85.6504576124
-241.674611354
-56.4235152311
-84.8755979242
-51.2892859968
-298.265882241
-209.19466745
-45.3245258785
-148.622255254
-172.584189476
-135.216935511
-120.304597667
-267.859321791
-79.1014251356
-96.3571738168
-178.654491905
-53.966682601
-81.8934267248
-247.731069299
-219.086264634
-144.322654045
-383.823627466
-199.617392279
-282.229941955
-114.508644704
-91.0972978937
-345.633957799
-73.3470654923
-202.321350637
-182.24454875
-100.9196907
-131.703319139
-213.950775481
-176.370040144
-98.5230001756
-277.755070146
-133.749227452
-105.286746588
-124.981601636
-119.342130999
-125.19712979
-55.1129268096
-240.011887104
-267.69497512
-162.624850973
-215.863084457
-99.3751167629
-159.508485915
-30.8978720011
-150.521819575
-128.166555934
-184.238001856
-78.7954467544
-163.096530139
-135.572429244
-97.3272722621
-137.293604046
-120.46830154
-154.869309543
-106.659837516
-300.592282532
-91.9383025022
-162.391371067
-99.2894337237
-117.869729872
-143.763024931
-63.2064700518
-141.709184246
-142.375850913
-166.058415773
-185.651671222
-167.589537588
-53.3658944696
-33.9335576072
-134.725029457
-88.5585025606
-55.3289175757
-126.816347243
-251.335312597
-115.967176737
-326.369359345
-130.557916251
-122.224394089
-147.73605434
-53.5586051387
-172.952316559
-265.20347054
-57.08396943
-104.634183522
-152.259385917
-60.0460944885
-138.462319941
-48.9405334061
-181.695381452
-151.886405559
-37.0804615113
-134.108323436
-55.2390973507
-256.483948532
-155.659295564
-140.073554047
-175.965872446
-169.168817477
-130.198692672
-188.598474355
-126.592190071
-109.972608006
-61.3188150475
-201.097854956
-111.810403425
-151.000864247
-187.480815511
-220.330621602
-66.3044076315
-151.42556721
-159.396140919
-181.650732884
-61.4721566989
-145.927643414
-126.663841595
-69.8824634225
-73.8690167183
-105.886125063
-529.842720604
-69.5493449556
-180.097334335
-117.109363008
-61.3188150475
-99.4240120071
-127.255954638
-165.800215802
-91.6999769172
-62.4859652247
-241.523176584
-359.936648797
-142.256096597
-189.149040985
-216.129911501
-115.110090843
-80.2376638498
-65.1343031248
-226.393329024
-209.31093095
-178.897378604
-140.625973127
-229.125863204
-247.431316301
-93.0349378458
-40.8272415131
-145.910154274
-73.5616842223
-58.9961282383
-456.805594186
-269.877993666
-119.22667062
-66.2240410525
-109.050553594
-153.917350934
-219.609296357
-91.8068122572
-132.833193216
-277.676299346
-31.3354189851
-299.053417209
-29.4528772519
-206.074600738
-229.10115607
-99.7247032002
-159.825269742
-86.3139647294
-112.93810403
-96.4185658967
-72.7102809411
-250.701903642
-200.3305957
-370.82451415
-117.472578457
-61.9629582391
-124.745410305
-96.8097585877
-244.669106783
-252.89353992
-119.337529066
-127.203153409
-46.3860109006
-187.53816519
-90.1483084163
-176.601502644
-110.474169288
-97.0089682252
-144.155675312
-103.613180257
-149.390275812
-63.1323392447
-51.3594176262
-421.866577552
-162.329678775
-162.322554108
-48.8503175428
-294.858003953
-42.568930365
-34.0280967606
-70.9309560902
-100.202486393
-282.415497431
-133.305009285
-32.7995374691
-71.2984057237
-141.245269171
-66.9561810931
-44.0700551687
-170.699869498
-83.3710798605
-167.36688466
-176.918750922
-341.812386869
-215.422032658
-86.8845410677
-134.796979802
-172.287397639
-163.53164521
-117.922491567
-84.8007649573
-112.986136632
-186.89753742
-86.0092165205
-54.987072545
-388.852924624
-202.373907236
-205.909836417
-244.154388057
-532.175046273
-99.5906342836
-380.969051124
-184.609827595
-146.296745032
-168.339343795
-57.2100052185
-51.2511442148
-35.0475729481
-162.78358675
-40.7209350648
-298.158439484
-117.35514191
-73.4395382593
-170.090662392
-196.158547297
-134.085952037
-129.408948068
-131.13093367
-47.3689001885
-134.620084656
-92.7114959913
-154.208718219
-336.356170878
-186.959176658
-90.0188284873
-97.2580596646
-134.539931542
-186.606775531
-124.034714957
-225.370663877
-74.8950175556
-204.939069292
-166.664349252
-204.151545932
-257.696961589
-201.625107286
-121.660759871
-77.2781000536
-114.458539131
-248.414404816
-66.5735259389
-133.65413341
-60.1113359788
-126.673646635
-293.621796148
-278.628654927
-173.669650924
-102.072511112
-200.983845189
-232.263342336
-369.70507368
-189.441819854
-212.711435053
-145.763296744
-138.519232377
-151.264421547
-197.857336762
-153.233385079
-205.182245207
-60.4367709366
-230.491880111
-122.232905787
-233.533832679
-70.9708210543
-132.412502489
-225.792397522
-123.907823265
-204.315911223
-162.79156203
-187.586908481
-119.832547887
-78.1237276096
-137.539798041
-275.59705954
-174.462620394
-142.824610966
-154.422297237
-99.9367063441
-113.293054132
-53.1896334041
-126.769007575
-132.669428485
-255.445332422
-247.61769351
-174.071767556
-224.430357608
-142.068700428
-45.4523244791
-56.8779005366
-148.77686657
-316.306255247
-283.225078204
-122.729013114
-183.666469262
-69.3232579474
-91.9263171621
-68.2402924276
-122.922621304
-133.377441743
-184.092848983
-264.537393696
-232.882806362
-90.1723943859
-117.557183427
-219.993991827
-100.472678395
-129.688801425
-43.5343624779
-250.272510168
-240.935206658
-289.747239933
-266.894198697
-107.914342588
-167.807657701
-169.14742148
-96.7931951426
-368.632481749
-74.2515443398
-155.023990163
-96.0426822203
-133.603465712
-159.345473221
-129.654630445
-149.645269136
-252.109769287
-111.274904871
-212.103551878
-116.936652677
-84.5218923425
-125.233895315
-145.289566512
-196.766112453
-235.118488627
-194.406859936
-245.178985574
-121.524943208
-174.768806194
-148.953360855
-282.454398615
-360.372333542
-99.822096784
-166.727883421
-120.663289041
-95.6952575629
-138.85256571
-113.118211917
-77.9853817765
-76.3124799428
-153.26272568
-300.778118345
-116.828669763
-92.852377088
-123.506539445
-128.020385399
-203.891826589
-208.805488713
-104.065021978
-135.905762577
-183.061475192
-127.769007575
-175.499078468
-391.327812294
-132.806026571
-35.9229655875
-49.885307396
-321.539542
-159.498161491
-383.521393939
-147.455964248
-133.798453212
-53.2737092877
-179.471783323
-99.0198401809
-185.282576192
-207.968224355
-177.193337996
-285.316665383
-108.186659031
-167.589537588
-250.01867353
-166.486319195
-107.791929329
-217.519626574
-121.328550011
-72.5360790233
-139.902802885
-286.732441893
-80.9015401798
-226.174881934
-197.419775788
-212.091592866
-80.2772070416
-101.258905938
-59.908450103
-77.3416342232
-113.72280151
-167.959789294
-335.402113188
-158.322010112
-44.4628717116
-44.796205045
-340.817816842
-102.286202592
-336.680566124
-200.452954345
-233.734101713
-347.90815452
-75.8485257617
-165.173581295
-111.282036658
-364.691564213
-163.651610525
-117.087315556
-180.001393426
-101.540522859
-196.126467938
-243.857109542
-221.530211036
-134.131786545
-106.673648423
-276.266146844
-167.323580358
-187.706084181
-51.8931975285
-363.789511915
-226.488911652
-143.322654045
-92.7321759352
-240.296947468
-281.807615817
-234.573095139
-152.78770675
-163.478485805
-212.363527928
-55.8005967422
-171.765411574
-56.8747275493
-227.669579679
-256.740752176
-66.9914642422
-68.5692490224
-162.306577473
-88.6596829141
-225.047574268
-137.911745105
-122.103931739
-46.5391045779
-115.750065636
-219.194157957
-89.9484775611
-87.891835894
-224.693400573
-122.632252572
-156.790490856
-240.63626333
-72.4982264139
-141.296290132
-45.929781026
-129.782563462
-80.5012576596
-261.079929191
-221.282019326
-294.407163852
-285.054968068
-223.582794766
-250.203850125
-225.79219824
-116.162164237
-189.118295788
-225.266561226
-205.969424904
-274.83809973
-214.327654121
-218.199031968
-222.209369271
-109.777646893
-224.272380546
-235.239761805
-238.313791239
-223.111577601
-206.66123593
-89.6151442278
-62.9616123622
-98.7210447736
-73.4774871918
-124.662528775
-165.071341304
-250.285774432
-186.666469262
-247.682078275
-115.054854872
-195.272374261
-168.792642443
-263.917554289
-116.139245123
-71.4411626338
-112.13124519
-238.093842613
-135.23909591
-180.420297751
-92.5537352714
-115.226379263
-112.806801173
-106.003379504
-185.229292563
-93.0105653387
-171.864638424
-223.453627963
-76.1932857912
-69.3417181008
-37.6594500427
-192.175676581
-100.480653674
-195.62693858
-212.546822604
-179.927262619
-64.2064700518
-210.887729296
-133.905762577
-163.146272142
-182.982959627
-110.764733299
-191.046825175
-253.957660717
-125.184045074
-191.600256871
-178.565232792
-189.88785947
-162.184208275
-365.590671624
-115.39844765
-137.612889348
-329.789745766
-202.089742687
-55.3464067157
-137.911745105
-146.40529655
-192.862205906
-151.968807867
-237.380990313
-218.0611031
-303.401026607
-129.067688941
-602.900490654
-221.505054376
-127.708753453
-140.514196746
-300.861367179
-157.047453272
-143.157944299
-169.8908033
-83.9913643045
-105.334140286
-238.256261664
-169.241807553
-157.737047611
-137.734655523
-87.6793592538
-194.904458286
-47.1059178173
-62.7056366049
-159.442525666
-629.581666502
-136.696911736
-75.2495927548
-103.51910156
-51.6220156434
-244.22085594
-156.013739277
-48.7025727457
-96.1076214929
-127.435674241
-80.8737954951
-149.541113214
-442.792976497
-252.377842918
-192.695914899
-318.066614852
-170.887248657
-115.245970462
-77.6399804642
-81.395746721
-115.195760455
-158.732769922
-98.7676866678
-109.692075901
-75.6183258894
-115.449874062
-60.5069797877
-219.661417208
-187.377728284
-132.531055473
-164.93427616
-138.320593834
-132.132933013
-145.348654883
-258.829789737
-193.608236764
-105.286746588
-92.5922251144
-117.657036854
-265.882190225
-134.452069586
-142.050845568
-100.31723906
-116.233626975
-106.754148838
-188.720587149
-161.22434687
-92.0639042808
-160.119449253
-102.780415088
-150.184316771
-210.136286594
-279.358855764
-204.878790798
-261.539884463
-158.736432043
-137.122281193
-79.735449662
-368.279148421
-246.449718201
-214.722187434
-218.002957077
-248.668024469
-280.841537274
-219.732001841
-165.920196685
-197.455433055
-117.50341203
-138.878566547
-159.508330684
-81.7625307955
-215.668779567
-366.705498483
-149.919330612
-194.542678211
-93.928731435
-97.8057399152
-237.748995405
-195.509205389
-229.876123207
-114.406568723
-110.154383282
-227.524018272
-68.4555700498
-104.274071357
-280.707342097
-178.422404895
-130.813721109
-143.854945986
-33.2299561721
-313.500669798
-240.944603951
-165.734999947
-140.935208214
-53.5193644858
-98.3657646679
-125.505898228
-147.639940177
-124.521466285
-93.6091986225
-145.539770473
-319.684411475
-116.653326594
-334.291269503
-140.180863412
-53.4383617674
-225.133506854
-256.879021244
-186.723033071
-161.119449253
-213.565747118
-221.461394076
-163.624850973
-152.152076552
-190.44073665
-97.6689529112
-112.274904871
-135.559984293
-210.244525739
-124.774438844
-347.874878713
-218.683577607
-161.894269462
-135.04410841
-122.191609874
-115.031391763
-69.5382125543
-120.134968207
-94.4496023649
-113.193200705
-120.329955707
-108.91809987
-133.810628504
-116.49549757
-70.2690942469
-213.815805995
-83.1450558922
-138.056031364
-126.488224127
-101.832012565
-172.53130509
-121.770598406
-213.814698759
-96.5092302989
-67.9667973817
-52.3971918347
-223.875732123
-76.7674890468
-262.137453845
-353.163324123
-171.695936979
-43.4152190603
-123.071038399
-35.4290627412
-192.144130956
-146.439155964
-357.425770614
-116.723606344
-72.8486267742
-79.8470359434
-150.684674302
-117.3165258
-90.6151442278
-220.465670993
-267.67532417
-180.248131401
-219.945248535
-183.471481762
-194.229279922
-264.217717623
-335.012267925
-85.3096877806
-74.3292404754
-299.403894491
-35.7623960745
-122.137654293
-114.700143235
-188.838537649
-169.409541349
-375.346809949
-332.587395997
-89.3460259204
-280.113200566
-142.083813492
-234.953483715
-98.4374904107
-44.796205045
-66.7549345238
-152.39773175
-128.907353408
-43.0597205898
-105.060722619
-56.8240598515
-86.828561041
-221.667786815
-255.390824286
-73.2204384744
-78.0642955754
-160.008969425
-112.233952622
-214.144804574
-165.548190996
-122.478560985
-189.525594259
-238.384625604
-132.685169878
-165.45550205
-177.231694311
-176.752741967
-180.977141561
-74.8483741352
-262.662440407
-184.943160928
-117.610222842
-271.452149007
-47.4965942654
-90.8432530018
-140.583857882
-122.23750772
-172.070758325
-136.088006896
-159.812305394
-48.0713058803
-254.4661979
-85.9837909457
-60.2417834364
-107.501764458
-150.467418017
-140.085784163
-48.7868223995
-131.941075962
-194.932965585
-142.98110606
-63.6672180042
-213.682639268
-147.843805717
-85.8060399464
-244.208753701
-150.308451777
-159.924461753
-163.791798381
-112.197477621
-158.321549272
-318.676013856
-425.847748463
-147.692247661
-216.163632167
-161.517541608
-127.66169821
-198.809206792
-94.8488984713
-153.807999397
-45.5636629332
-228.449541892
-90.4782403325
-67.2250460026
-67.6967587083
-52.3063847401
-156.868655704
-130.751680366
-116.749270123
-64.5810992977
-161.786115919
-161.836881637
-183.574427793
-70.3294757285
-57.3088861513
-101.701980676
-85.4528750823
-212.439513239
-189.919540367
-179.863047593
-120.575610905
-71.6276384367
-132.009679141
-217.148133088
-145.062661218
-61.7163634069
-115.196088506
-126.902998633
-150.77290871
-80.8674258875
-403.860698601
-153.39773175
-187.65282056
-276.085692775
-153.193569053
-144.142923561
-260.232928916
-236.709313723
-200.606185094
-331.059838484
-200.97243995
-157.349388153
-116.395843257
-293.701182727
-122.486255523
-150.266959276
-122.445382427
-536.62262833
-164.142920921
-98.0868517583
-92.3922932467
-267.802042332
-177.435737584
-206.426314589
-141.73978332
-137.947383506
-149.156353468
-167.874346609
-266.283606623
-109.919847617
-171.984329467
-346.092917678
-152.926052583
-306.424280825
-136.487924096
-216.250508267
-179.826549564
-159.127022612
-98.3956467833
-166.800637162
-93.242740228
-125.717401538
-23.6494555829
-106.400415452
-219.313132462
-196.975551306
-105.69750717
-258.947573493
-248.977377617
-130.08258332
-98.7322765591
-162.467537611
-97.6216707517
-148.139737285
-136.365944716
-92.7407243683
-191.629547789
-319.995265994
-141.803475965
-71.1501818897
-56.7363817162
-86.2046371575
-157.801383816
-169.348605838
-206.372746606
-253.634661639
-85.4569474745
-66.4808641714
-146.699375983
-261.139611983
-256.408212052
-322.79446654
-160.837461882
-192.029248233
-249.902492894
-144.186451598
-190.23352966
-239.73027032
-182.862102934
-120.251322407
-296.105740078
-178.139739259
-131.646677472
-152.292755208
-127.75366182
-153.334796695
-233.836493064
-90.6564401404
-69.9357609136
-93.6878016252
-158.703473415
-72.3203059407
-103.758425754
-49.4612808808
-69.8715458876
-124.092003606
-93.8488984713
-94.1494475894
-132.891252441
-27.8495753527
-84.398828445
-66.672583032
-96.4173237438
-112.197477621
-57.0697150495
-53.966682601
-110.182679582
-166.161845435
-51.4612808808
-79.6520484432
-217.969278006
-122.276000126
-60.9819355407
-40.915922565
-89.094273298
-145.798570229
-134.94705849
-84.3023262392
-105.950139254
-91.120545948
-50.1921625735
-119.168146765
-47.1599869322
-108.390122699
-82.8117225588
-150.151138213
-128.40438643
-84.1450558922
-128.626345443
-175.393803435
-275.565825878
-122.225346001
-150.156353468
-163.867073432
-152.137602458
-302.160843518
-155.010411248
-108.163755068
-166.724267922
-137.80229365
-1077.21949271
-171.180088274
-256.461557277
-372.242389327
-362.812876715
-99.5332911688
-350.134538607
-350.059829371
-233.570285598
-288.922035331
-163.076787732
-290.782185782
-244.580379804
-158.127022612
-41.7582909896
-63.6123716821
-245.036675959
-194.419847278
-231.425315716
-132.520450021
-218.150385181
-261.779208456
-170.219687463
-144.130204273
-111.11853348
-164.176935097
-66.5735259389
-75.1939863913
-81.1266284137
-54.8173443271
-75.6318732176
-267.219440065
-245.772284263
-381.245842686
-139.970059295
-341.876033403
-172.332989561
-230.13388582
-194.941538625
-186.490590096
-158.591128419
-266.877471052
-157.998253504
-111.659566023
-274.914372627
-272.421365178
-136.698330126
-82.3476167512
-77.6749675566
-63.7990059113
-206.477265085
-48.6873048492
-58.4324470597
-87.9025081361
-128.435674241
-155.519688712
-90.2297375006
-97.3473746878
-58.466829167
-87.0148442611
-90.5701538971
-123.264456639
-145.824509953
-164.809587587
-93.9854965573
-149.332266012
-57.7363817162
-59.6561194881
-242.160787771
-277.718624861
-225.165079739
-138.077578325
-234.815137882
-81.5311186804
-305.013185138
-204.402682134
-183.797359157
-130.550784949
-119.111505098
-104.865735119
-123.066819928
-86.9765177682
-53.3000159343
-52.8821419072
-59.0809705522
-146.697243392
-244.552305897
-96.0852325634
-148.547064444
-132.969977603
-63.7935759379
-56.7782253435
-93.9003807643
-257.354136735
-269.646845151
-63.366716484
-171.197971757
-136.329205044
-168.993068476
-121.103931739
-282.804366917
-140.709184246
-223.785355625
-214.481365425
-260.114881763
-126.963743732
-275.902323315
-161.173790439
-102.59092564
-96.8983624179
-119.834813432
-252.201928176
-151.503790403
-245.925209456
-140.72782742
-102.280863882
-117.093594436
-229.826315137
-146.095552306
-222.902036775
-131.43354071
-232.290420944
-175.138488548
-276.295479442
-163.496721102
-220.808274738
-59.3294615716
-242.399979917
-73.9260540237
-182.633408125
-121.632252572
-245.326393106
-83.6167350586
-139.150719618
-141.027171825
-179.831746847
-197.797165058
-195.929527068
-209.234617536
-125.800044043
-185.428000368
-77.6749675566
-220.799004326
-216.129651574
-133.509684973
-80.4037220008
-200.171449345
-99.4695249514
-182.005961699
-178.763855583
-45.5608092914
-181.416111507
-159.307756068
-77.9112509694
-100.693666732
-275.053998431
-226.269092662
-151.905015658
-141.119451893
-187.640749166
-174.624429336
-168.038297641
-89.2251692273
-207.294484089
-130.339257433
-244.405426027
-167.419162389
-228.880814714
-157.817152388
-49.9748036746
-118.858746398
-263.894635175
-66.2401926055
-156.626441804
-125.971568434
-201.292237114
-202.663137158
-204.55653079
-152.78770675
-201.587023262
-227.598149079
-147.710183142
-173.129689317
-472.807219397
-256.904082163
-169.761605975
-123.390974113
-297.999447373
-149.75601765
-219.396629021
-53.190035325
-42.1625827756
-112.3240906
-89.6793592538
-106.196799465
-51.4612808808
-130.845293024
-131.06364128
-134.798453212
-93.9375847314
-98.7368784922
-162.847350016
-164.293089091
-125.70490997
-114.675687031
-126.104247457
-177.047697791
-253.488604168
-70.3432250541
-175.201144744
-185.84103248
-148.820751148
-118.803642803
-202.914640724
-85.6792250933
-196.533388083
-131.153299963
-136.216176797
-130.282151546
-166.796189419
-71.3506409612
-112.746188399
-97.1371565978
-46.8724379113
-129.274543563
-179.012139772
-123.015601714
-161.914570397
-88.9602461954
-135.462028584
-42.243467884
-125.973720108
-75.7509512169
-147.141752017
-87.0884959175
-153.259385917
-105.681623703
-99.5986955881
-96.7115776837
-77.6749675566
-44.9911925452
-64.401457552
-74.7060040247
-82.2092709182
-134.710775077
-55.5091070362
-100.859499952
-51.1279475475
-116.49549757
-100.032035696
-204.500760784
-96.8881115321
-262.026981735
-218.526444721
-209.214150688
-160.678806554
-353.165457654
-115.58457019
-193.760673921
-213.546822604
-183.438658164
-188.088789768
-174.869206697
-169.806746045
-73.7102809411
-141.709184246
-149.684674302
-115.633843403
-110.57686268
-191.655576432
-113.022880065
-180.863047593
-63.4885164156
-118.068410759
-132.525060225
-103.221987566
-95.3619242296
-153.300681829
-76.6749675566
-76.4414876505
-90.8824641087
-140.680029966
-115.269012762
-84.9431758894
-187.333135929
-147.325068318
-104.485976081
-203.439597117
-47.3912093067
-103.973012897
-323.924831802
-144.618128151
-195.329015928
-86.3375142231
-186.559159897
-109.163755068
-47.5760294441
-98.8702267538
-51.7712425499
-124.2306368
-84.3246976379
-135.939390969
-234.816893465
-163.861865921
-168.010021198
-165.95390739
-103.653040795
-198.786835394
-127.087542868
-214.650352088
-183.396814537
-158.093844054
-103.516902298
-202.912783237
-110.71106934
-163.232606985
-200.143052534
-204.911309827
-111.986338568
-71.6990994323
-87.9734386864
-183.330643064
-153.205333976
-212.469089509
-61.4167254486
-48.4933202656
-83.3837675613
-59.5112388023
-79.4537869431
-46.5180399691
-146.254901405
-142.828662038
-235.536785779
-61.4577072815
-21.6303445246
-92.7150793475
-28.699801463
-24.838070752
-97.0313420349
-144.858754575
-57.2332595472
-42.1039331793
-50.1589840156
-59.5334228814
-225.832685908
-98.6173938353
-107.645969277
-63.5864036693
-185.093941674
-35.9165104792
-95.7764970018
-127.76787696
-175.592822244
-285.642896006
-58.4678074047
-160.515304061
-103.433762085
-35.71304878
-106.032982593
-188.375190555
-180.863047593
-241.537658299
-105.897327861
-266.584669494
-223.064737095
-277.310447577
-147.984383101
-101.763730126
-46.9682734318
-94.1192840781
-43.796205045
-161.117315722
-116.098630067
-142.434635965
-96.8800085399
-233.976089608
-137.668241581
-340.26712461
-253.959196884
-152.818743218
-212.648209999
-96.7518992301
-100.26829193
-143.282097435
-280.197995403
-165.086279254
-185.488440346
-123.282957492
-240.503857622
-82.493657122
-47.8299275987
-167.061216755
-99.9523328407
-141.720143942
-244.563821908
-122.875252285
-252.208716663
-187.32568855
-151.289754934
-248.356049377
-166.815561557
-224.96546182
-109.218889782
-114.342353697
-103.221987566
-248.469814117
-92.120545948
-170.812470262
-231.095433444
-172.864638424
-251.857061176
-227.057519389
-159.201153419
-135.04410841
-128.2702498
-133.108323436
-161.944052952
-138.943536203
-88.4251923583
-95.1162690315
-168.950044244
-208.701406866
-107.227970094
-98.7289801167
-69.992660394
-212.685168437
-70.8715458876
-111.206420747
-126.68636507
-132.618733608
-127.102340908
-122.965585906
-148.425440188
-190.735033883
-100.698702363
-204.834094117
-57.4907265181
-135.572429244
-224.235370108
-62.2881742177
-113.489932379
-149.20274425
-165.786197612
-83.8117225588
-148.618116853
-322.91187175
-197.883337599
-149.684674302
-168.254270006
-128.769007575
-292.165490392
-176.838333772
-177.032429894
-157.986534689
-104.091759087
-132.288820533
-236.360944811
-106.705721249
-155.214164329
-70.958888146
-192.151378668
-220.901336242
-188.54979667
-190.270979762
-200.236968139
-605.480953133
-151.577373495
-176.699096561
-201.029817634
-183.170932644
-193.460880289
-189.854516393
-98.6891921811
-343.253473315
-161.994659307
-184.941920381
-173.126780548
-105.102750067
-91.1864244832
-195.826695932
-152.667530913
-48.7567936926
-79.5420678339
-177.231694311
-231.050443114
-200.713432403
-105.112149031
-180.404387896
-153.29310847
-162.850874941
-238.495231411
-161.965757665
-104.060722619
-160.910231065
-200.454617855
-341.615255983
-403.882129576
-52.8273585302
-556.792764751
-139.00120709
-177.64263162
-96.1465725033
-170.719178056
-196.073478106
-168.432963568
-256.642453453
-129.110668897
-144.354285581
-203.226517091
-198.719803666
-330.091146935
-294.340195996
-115.572431884
-333.848752686
-336.963736034
-175.258453863
-188.643550148
-135.572429244
-164.616583176
-183.923529698
-146.559945583
-241.017182637
-66.7151682144
-256.536371944
-178.439985059
-323.213664604
-62.7199928456
-164.908072882
-133.269796502
-200.333896764
-242.860575127
-79.324392242
-67.0650386987
-71.6886455176
-105.26331958
-103.751443062
-141.989637197
-123.207461223
-53.9807862026
-122.326864412
-147.899779933
-68.6247623992
-64.8907077192
-123.686019154
-156.539918021
-116.694325509
-121.338968637
-343.275019267
-126.743402376
-88.3770623886
-94.0814063088
-60.6635536193
-110.358828162
-342.062701604
-124.499026941
-140.073554047
-143.053174296
-287.019940719
-157.904830523
-268.656879662
-51.6719759419
-45.6767837258
-53.9807862026
-36.9435101624
-37.7977958758
-56.851455173
-120.65015049
-53.9988153745
-72.7102809411
-56.9717488174
-89.3947022911
-40.4864522421
-71.8486267742
-69.4815708871
-117.504660577
-74.3200533017
-54.8840001973
-152.570556874
-29.8821862944
-58.1480411321
-43.0910459725
-38.987057111
-64.9625626008
-53.292978118
-26.6390111434
-78.4049926031
-38.3338408307
-30.4736998658
-46.244965098
-114.366378087
-53.3026449257
-40.4082737745
-77.0806755138
-48.288432752
-58.4239359491
-116.661867586
-90.0868233942
-73.7877081906
-85.1647391205
-78.222396725
-281.471374263
-164.359573104
-82.7620123066
-250.880327697
-184.202363454
-157.5437594
-239.231490289
-165.834132808
-121.835357427
-200.388739319
-135.396366257
-74.0309196918
-189.369760582
-195.198243454
-119.46830154
-214.668779567
-98.7872995121
-374.719073006
-183.16310837
-130.277172139
-173.404015054
-242.414558143
-249.107245773
-419.980687422
-190.78223399
-356.832568522
-257.247334422
-294.209955014
-200.136408704
-87.0131280109
-89.6151442278
-142.726572012
-151.195767273
-165.486654879
-85.7289968239
-279.143578141
-223.902036775
-167.025962804
-162.848203697
-258.475603595
-86.4251633704
-78.074479796
-130.119959426
-148.712637605
-122.375853553
-118.28071948
-255.877345054
-75.7391825825
-145.932687604
-181.581722522
-100.6497545
-156.980165081
-163.603051373
-74.6851774851
-114.009020364
-149.164562086
-190.054310731
-240.109858344
-111.151109283
-318.545897668
-135.752070989
-40.9807403465
-175.975083091
-88.5491307754
-76.7176010561
-188.597784565
-110.134202768
-106.50466176
-200.714759445
-188.5039909
-46.3384567615
-64.9312203234
-58.5152011027
-47.3157103668
-120.62403514
-199.388739319
-99.3913698669
-133.400665616
-216.728783744
-213.864373705
-111.838830446
-66.0419311055
-55.679740049
-84.7023060503
-194.708136809
-143.566333196
-95.2145962061
-72.829551818
-74.8337802379
-85.3429829906
-136.368626232
-240.53832575
-194.537946395
-134.288573262
-122.445382427
-258.477175064
-150.590729528
-154.879920457
-83.5196851381
-177.404931892
-163.290256068
-139.678945286
-86.8060399464
-190.323975597
-313.907457929
-130.475584829
-111.002490121
-103.964792212
-201.101796767
-167.717426493
-144.520179274
-253.102488519
-201.5947178
-433.920840472
-215.553466549
-114.405242893
-185.912084429
-126.00728765
-141.142118668
-103.244208522
-144.917355317
-212.424331482
-218.021603724
-240.792969964
-135.970521599
-72.5825868642
-178.259755669
-129.437564988
-228.382312429
-134.905762577
-206.418184957
-164.042220662
-286.90344339
-151.874542532
-134.297880963
-211.78214129
-129.306520962
-99.2745374512
-169.820686104
-258.177787499
-155.392165564
-64.582762807
-178.188924989
-258.174614725
-215.336135337
-128.991435039
-103.221987566
-102.223429503
-247.486728638
-228.559977289
-119.432901739
-72.8486267742
-136.6341151
-182.006728972
-243.557620183
-243.600758986
-402.249911248
-134.085404323
-92.4538792813
-93.929398886
-188.270387091
-139.885539667
-184.927815174
-209.796435662
-130.385015102
-89.5824228062
-194.934690473
-147.007965518
-182.374316784
-86.0155829692
-182.982193503
-118.939980707
-290.606681415
-182.924231602
-208.048918967
-154.502980886
-49.5996267139
-186.341253283
-158.817443744
-244.974774688
-147.59457586
-202.328811258
-93.5839382771
-164.792098447
-256.075254225
-123.945963235
-234.573095139
-115.480709695
-83.3710798605
-162.210801984
-262.126097676
-105.968767567
-218.500251062
-102.475406856
-142.852976189
-197.957965442
-181.204498281
-189.043417902
-230.153957299
-255.345010826
-104.619101683
-161.259667069
-186.27271438
-129.590431101
-70.4634028627
-199.453545884
-359.115837971
-148.693433427
-136.524701144
-140.354813987
-362.418094276
-280.449911195
-264.434378095
-641.391421095
-345.562877973
-335.360890051
-290.39148696
-185.370952433
-153.577570084
-151.445088507
-93.0074527133
-122.103931739
-140.319209245
-335.208167077
-305.850457662
-101.448855711
-80.7342546
-276.568720338
-208.616400565
-221.863568975
-38.8544375429
-229.970732959
-208.427455368
-235.508880113
-268.222417464
-262.151695612
-161.686348086
-304.521646441
-89.1828295182
-194.42916362
-176.039620484
-117.604472969
-179.139739259
-207.462354495
-143.088591631
-140.300389878
-346.049043141
-172.457174283
-232.955614201
-233.142286115
-350.646089794
-104.409323849
-226.018320829
-189.972129847
-221.277213735
-231.046909132
-231.891619734
-117.532516566
-34.5564175942
-200.940270623
-268.978099732
-198.952120899
-102.683436966
-75.5385039112
-222.209897172
-188.505204315
-180.225627527
-94.2877934225
-236.700260672
-124.042267581
-105.030173053
-78.4461920152
-197.213055433
-94.2235783965
-280.431188144
-232.78741995
-87.8981828435
-118.355917039
-226.993474683
-160.748398766
-297.671783496
-99.6420606957
-166.253792507
-139.492894181
-421.712097429
-124.136676055
-159.83477379
-220.075268767
-187.272780126
-74.2669669985
-158.89220159
-168.742531019
-125.148645273
-113.709646902
-237.940151026
-122.691037625
-103.596616812
-144.722376779
-202.776185151
-46.3892849004
-341.962341527
-101.586357367
-249.792124629
-135.905762577
-325.508953876
-110.392551997
-59.1034376033
-486.762260842
-483.075502236
-95.2235783965
-348.981893203
-364.887475072
-271.83484775
-384.698009306
-78.8470359434
-50.5858773883
-240.949006195
-123.673548485
-184.494809954
-46.7732859316
-112.739902057
-65.5168842717
-85.2446569812
-134.673057924
-140.597558459
-105.572983543
-221.810102842
-89.6151442278
-102.070924969
-148.828037146
-189.912415817
-30.1152309
-415.485922457
-146.243487608
-119.588052902
-54.8379076667
-132.182454243
-76.2849925561
-210.55782099
-29.4550483542
-255.587430981
-211.283774828
-229.140017241
-212.265001146
-304.602330524
-31.8560283737
-121.457425985
-211.224903068
-128.259933824
-69.1418165406
-375.25213347
-223.459988381
-80.6706622129
-271.544518475
-375.923480893
-139.985875912
-295.097289526
-295.728780869
-166.311200868
-112.024485193
-135.769263838
-95.2937855348
-25.5809275384
-316.190776847
-186.276494261
-219.244390138
-136.246511818
-134.693221044
-85.5464446898
-344.233911627
-24.6451425644
-141.396011825
-158.988676779
-321.482056882
-117.427502663
-120.627969622
-260.138018015
-253.957835444
-109.025409235
-258.81023889
-56.0130733824
-80.1867287763
-27.6231270921
-121.079767519
-280.837712651
-162.147956552
-29.3481743884
-123.267359876
-144.575882602
-274.500360064
-190.322090325
-132.078159925
-109.243803181
-231.81035339
-256.708366828
-167.508931244
-112.96143994
-253.876050781
-155.263581192
-259.930565199
-227.348006461
-116.162164237
-80.784783383
-100.108704231
-147.122630914
-252.183566653
-176.432273715
-133.02207868
-159.183664279
-158.100134873
-358.884532979
-111.200106613
-180.305397742
-130.274409295
-259.679472449
-197.355016766
-196.899224902
-76.7255434652
-97.955004085
-60.3523892437
-328.922353705
-34.4990744794
-80.2790383921
-201.526383705
-110.356499105
-155.873277742
-167.856412433
-148.210821458
-147.419773404
-135.57968186
-187.847774517
-132.408478212
-270.783090724
-123.021906387
-267.434982293
-212.56160684
-227.860155112
-228.988124079
-222.498404514
-231.956047899
-129.317757146
-208.692741796
-47.9565405777
-248.92670992
-143.360830175
-140.676008449
-109.835097791
-35.3707005057
-217.600094819
-368.201907324
-156.799998652
-127.159780084
-110.510644288
-111.140134507
-159.729474252
-120.826918887
-134.640484708
-131.170210078
-238.330126026
-119.870451833
-76.7432138914
-253.069740368
-513.089750317
-86.4251923583
-183.22884161
-422.523106452
-176.433810133
-145.815020201
-151.083623112
-150.293997854
-267.249296791
-244.956049335
-254.920134517
-298.281091014
-206.900671282
-172.340532601
-169.566618475
-42.1727501384
-49.5086205491
-72.0146978933
-190.407412521
-47.051424248
-169.168009504
-49.9971750732
-158.680562384
-129.161922173
-136.644060177
-119.824828325
-182.168517445
-182.624332368
-115.237982216
-64.7486002887
-121.696467598
-98.6012860397
-92.9139900314
-67.6970252356
-73.7070069413
-192.616258662
-202.889309785
-169.984556778
-104.875435096
-193.907521343
-143.844517793
-454.943091177
-32.1235588887
-89.1828295182
-771.533944833
-161.443781089
-108.302100901
-171.799172686
-192.178214653
-233.313180153
-167.985612538
-75.275076775
-134.822551458
-313.348278862
-221.021862463
-122.989893192
-79.2986696218
-98.6348038215
-183.700520777
-80.4611120152
-81.1913602568
-147.880802797
-98.6896913767
-134.108323436
-183.249970856
-64.9703411071
-71.1620460102
-111.8761058
-195.933746624
-208.268305699
-266.060250239
-214.91174496
-189.681116859
-185.317790174
-154.290336714
-321.402199084
-221.364891871
-284.343733652
-392.075056997
-66.4461710859
-60.8254840672
-190.503942445
-112.469892371
-66.5436438234
-168.514164628
-220.542430791
-140.889373706
-125.030901201
-73.0262894703
-41.7215378202
-108.254813574
-58.4113763715
-162.289500234
-112.819528905
-135.445688078
-37.439008106
-62.1612685692
-46.1314827142
-142.762210414
-203.98626019
-166.125431781
-122.704708016
-26.7642899862
-79.2709623404
-121.438109249
-53.3767757329
-60.3498515157
-139.044234713
-27.2754340529
-112.638879034
-72.5215035563
-49.6454322339
-78.1908757245
-179.809578913
-145.594310081
-38.3261167094
-244.050574248
-111.77937694
-37.1475184
-24.3474476323
-73.71985184
-45.3245258785
-351.122428111
-45.5459160862
-28.6819435155
-158.620849823
-44.1713820057
-93.4348043251
-87.0301817271
-227.775410065
-220.638655063
-123.765964645
-66.6012884072
-42.2247898724
-80.1944728784
-218.477176053
-133.663122426
-125.939392793
-150.523262632
-196.779043281
-387.497692318
-125.803059089
-156.616851039
-110.455094331
-74.2900281869
-150.299411401
-150.157112183
-193.317862852
-96.8591685645
-199.606645933
-236.224732509
-190.296024118
-138.290218845
-193.948224923
-202.77871432
-292.506195227
-298.918886683
-123.999750897
-228.464501522
-59.1060665947
-74.0052579601
-237.550310196
-61.7450008139
-111.688142648
-297.048043987
-421.644566258
-273.320038341
-187.128776643
-126.49137757
-171.002984257
-304.675488471
-323.277356736
-227.99038359
-53.9041621798
-39.8438903104
-55.2809409781
-72.5772634341
-137.091655707
-46.7361852945
-34.5406370796
-211.482349962
-282.009064188
-242.406588206
-264.10068548
-129.599164434
-148.790119633
-156.235167595
-258.557133788
-168.463335575
-91.6032160945
-163.74412541
-262.993086856
-127.889164116
-128.552281701
-144.100601184
-85.4275256743
-179.331592399
-72.0703738262
-77.2327061441
-105.954678444
-141.568952321
-198.589062632
-116.478170361
-153.918385275
-67.1927963652
-92.6521632239
-138.778454447
-167.846606584
-110.449360301
-151.47158434
-207.393422639
-146.416710347
-136.331617401
-141.201156059
-132.246669269
-63.6274815204
-143.911767127
-140.514196746
-99.1986545138
-225.259176881
-139.501479983
-87.7114266195
-97.2898357954
-107.850888583
-203.296784268
-158.317415757
-206.723110813
-109.538384314
-120.512089504
-172.952316559
-82.4492349451
-68.9713993149
-139.545233214
-331.650686789
-353.189974072
-215.786184414
-162.510866191
-225.244283676
-143.678245798
-175.209900371
-279.207902775
-140.468975158
-173.078572694
-179.694768965
-137.647559132
-180.576747027
-190.802972921
-174.508385977
-111.335823455
-73.7102809411
-92.0639042808
-274.58917436
-97.1722968037
-85.8381252663
-128.281982654
-231.86536527
-113.437057477
-312.53991514
-227.775253096
-124.137654293
-147.061219395
-455.576580744
-108.134600787
-31.3214068858
-239.566816053
-160.703281139
-233.034158016
-186.269500679
-58.3294615716
-88.7182219519
-54.1233137868
-170.839376888
-138.521770105
-94.5725406749
-245.224430208
-136.16580928
-143.446969434
-107.261568904
-157.684755539
-115.361995092
-212.702733334
-57.3854435433
-14.5619113055
-210.157509021
-55.2158249744
-146.048500107
-166.752965726
-39.3092584406
-159.594147711
-206.368073532
-142.314225613
-147.23682377
-84.0171918003
-209.379493612
-189.327409664
-127.470406733
-248.08686215
-132.001014071
-198.389329986
-134.801256719
-80.3832551526
-196.365567833
-92.606328716
-106.379035215
-158.805340615
-94.3112565318
-172.549638408
-162.560936128
-479.350914163
-273.781268762
-130.298770346
-221.549072212
-109.583306338
-90.6232615825
-229.861068588
-94.9187523619
-148.43736043
-226.314556678
-226.871291664
-129.947465374
-66.7062608787
-32.051015874
-213.104046375
-220.159097211
-134.594093927
-323.34134645
-110.25172456
-325.347073607
-91.4921979835
-177.406501406
-259.058185917
-120.005322708
-301.392483612
-321.099429358
-94.5879481979
-297.085611547
-221.113262703
-180.737836125
-211.359952459
-111.197477621
-245.776005268
-257.921821943
-94.5987553572
-38.9282201501
-249.161660581
-353.315877405
-109.787871391
-176.607055092
-412.20727777
-297.856798906
-166.381690697
-78.9853817765
-244.928309309
-300.330718182
-103.478004636
-47.8141470841
-183.338567198
-104.37890935
-48.288432752
-181.203796833
-293.684652661
-179.47984407
-146.40529655
-78.5447390782
-179.884603306
-87.3670772815
-158.302378882
-217.630050271
-59.1081756633
-110.045056512
-209.912195322
-133.377441743
-133.580002603
-207.660566155
-151.301229544
-116.944257623
-233.059380898
-384.958484775
-151.788075234
-195.921730165
-213.515263241
-293.96766315
-83.1450558922
-218.537685257
-162.560189971
-131.607742628
-145.658525107
-133.306492063
-68.3572019475
-32.3818969422
-77.1780187503
-147.580124962
-117.566488074
-68.1238212265
-143.406895939
-106.19408482
-75.9516592228
-153.021146626
-82.5474978072
-198.337527626
-111.972212367
-185.70558451
-150.882958244
-194.113638484
-245.642126047
-237.610168914
-260.388240557
-148.736100714
-204.579623407
-298.291570257
-115.795996009
-159.201153419
-89.2818108944
-192.168438243
-116.196140303
-270.960884005
-175.245797912
-203.200282062
-273.674348127
-161.187075535
-108.422957594
-76.9009915249
-63.401457552
-128.769007575
-150.058864427
-68.6765583874
-94.3052825624
-197.521301432
-112.919524085
-149.788176607
-93.3392967388
-122.988590966
-93.9749269373
-25.3859400381
-104.216304953
-85.7332580836
-183.109819108
-254.055709374
-117.88333904
-128.051681769
-142.03890208
-219.920608026
-25.1402848401
-181.622838505
-96.4032201422
-86.2766725437
-202.179583547
-85.7598127081
-76.9009915249
-63.422283984
-129.060346838
-105.719369951
-180.474590414
-82.5595704966
-80.170118391
-140.288270797
-69.7407734134
-147.446762479
-98.2573009502
-25.1402848401
-108.92145965
-136.413841468
-205.28932315
-121.89848686
-35.7411542086
-162.511757738
-68.7075948555
-82.6167350586
-187.278501434
-67.8284515486
-199.390849822
-25.5809275384
-99.1963823666
-47.4965942654
-192.640892427
-292.105542951
-147.765976764
-41.1916113146
-114.10552257
-120.047290072
-129.636629594
-198.582680244
-45.5342976146
-76.817881663
-136.916780736
-123.43158246
-104.612806743
-161.522443722
-267.522660428
-309.081749759
-49.0146642132
-82.6015858929
-100.449756649
-54.0175468876
-92.8911852362
-103.270399587
-60.1543018899
-94.4037678569
-132.310884295
-77.5779176361
-83.8911710484
-59.5009859626
-91.8452685611
-85.4554701121
-114.99512191
-98.8651545433
-134.798453212
-136.280391823
-183.209936813
-69.1286063241
-152.506525284
-138.530435174
-124.269017434
-92.2877934225
-207.461849487
-117.908944239
-174.427168713
-67.6841317462
-216.315267289
-148.179272582
-111.197477621
-256.8577336
-102.027000065
-84.9086819008
-55.3289175757
-127.057876975
-47.7073578905
-108.618202907
-123.835357427
-70.8715458876
-69.3432250541
-82.2179359877
-58.1902510005
-195.783601593
-145.481686868
-79.5278062117
-85.6985210853
-251.917036427
-172.090662392
-171.781995919
-118.712706027
-75.0900050558
-147.650951748
-34.7791675627
-88.1591557749
-98.3215159762
-244.43575676
-75.7479700733
-169.613844875
-92.6731801884
-210.363603738
-49.385007984
-242.959469481
-71.653639274
-272.976445563
-285.506031665
-187.794829988
-199.755219624
-187.528221449
-186.247601005
-320.637103259
-167.512278043
-88.2818108944
-161.244747883
-59.8840612988
-186.733988309
-185.263914814
-97.1146106965
-214.862281014
-61.1366522632
-301.962878256
-195.205327845
-126.508006622
-185.549491274
-273.022777107
-242.697245677
-132.981718653
-222.060713314
-155.49566933
-172.790507617
-180.591005774
-175.245277741
-202.178034337
-103.947439285
-55.3038215333
-172.76723524
-110.377667082
-150.303969713
-389.929346
-177.61071171
-75.0006419671
-226.604240469
-285.917002
-64.9068592722
-119.939980707
-65.5284501453
-222.977840273
-179.658688307
-282.232427707
-178.334726759
-365.559430009
-146.650951748
-153.347064052
-173.059625924
-133.969977603
-610.558721851
-102.809093452
-200.944454841
-150.637303046
-131.878823401
-187.666785491
-156.087870084
-166.435846001
-51.8359101267
-268.180210174
-89.8964041673
-215.953974399
-267.252426009
-109.956724538
-210.696865033
-173.005200944
-117.667565957
-149.46863906
-188.786070064
-137.905074717
-205.002861275
-67.7672515692
-193.413671234
-185.169184896
-201.403891635
-127.65171432
-159.66013277
-169.129272219
-107.943223866
-71.5353374682
-92.1804840575
-404.342046015
-225.1283521
-146.946860287
-90.3587452083
-197.665917887
-80.2454876699
-263.501009836
-215.101966327
-47.4181865418
-203.727220793
-216.840571707
-134.182454243
-139.479219761
-96.3700415843
-104.272778459
-291.491023674
-194.136557597
-194.403552681
-40.8315184295
-205.644291061
-193.469890931
-159.422407535
-82.3023262392
-167.854516626
-81.6268518839
-162.635502729
-106.978040215
-246.904747484
-197.832669901
-303.519314274
-357.586538238
-126.0532726
-167.575065061
-119.565125693
-38.8544375429
-170.172366558
-90.0208099418
-207.044646381
-174.837442394
-184.038412422
-87.6227175866
-142.873932787
-123.942666792
-123.942666792
-69.109745148
-64.0681242187
-152.491392413
-155.657478272
-151.649360917
-56.8747275493
-52.6975642936
-72.4028063194
-224.55505474
-47.0559515671
-124.942666792
-172.33631759
-178.591986625
-56.9624056845
-206.524020912
-153.521304284
-279.310937268
-169.233134699
-212.213489271
-96.4824601806
-64.0681242187
-99.2573009502
-156.386327702
-250.488754886
-135.23909591
-209.791878038
-77.6749675566
-69.9357609136
-85.4171137977
-216.550594646
-62.3349001037
-156.185799105
-133.655868965
-97.8673259498
-123.539772998
-162.261635524
-293.575724101
-240.4390989
-219.060414057
-149.944237971
-115.567829951
-39.5994302922
-194.144674952
-126.759836924
-273.204611621
-187.762264752
-183.990159121
-215.450389323
-193.602161421
-167.603182936
-343.756653853
-183.701782646
-263.685331522
-126.758385439
-91.0444836851
-168.253214246
-191.020314879
-99.7458675081
-118.667565957
-358.064377976
-221.299585134
-105.843432645
-246.922233966
-289.252941835
-156.515935818
-122.378563176
-83.6167350586
-138.131795104
-105.394055953
-89.4201567275
-140.935208214
-179.47391677
-176.832128546
-72.0436142745
-82.4492349451
-80.2071288284
-155.606932929
-210.636290468
-193.613682874
-303.255188534
-33.7506160378
-236.430078046
-163.615518022
-125.535527669
-175.821835442
-85.1221367788
-264.630617171
-71.1024132109
-67.3031457616
-185.535696788
-134.662697106
-96.9285513683
-226.957496655
-136.644875059
-103.052068796
-122.216207646
-109.066705147
-146.343341035
-152.875384886
-112.447735927
-174.042154927
-130.177315892
-123.904174387
-88.5842989859
-105.644936881
-183.123388536
-116.99079724
-203.162000656
-289.550520772
-73.1384207318
-74.3807532068
-118.334232624
-242.20491995
-378.185619872
-139.790888412
-222.939271065
-141.88089937
-201.055405986
-249.577992025
-131.079421795
-303.674015158
-59.7134626028
-175.474208866
-114.147366197
-52.4998588803
-134.796000947
-189.20177877
-108.612515121
-98.4374904107
-129.84607798
-187.123249015
-34.5106520108
-37.6594500427
-122.167428891
-175.410646283
-311.612247521
-87.8564360927
-131.966165659
-124.361324979
-167.380901386
-191.580571336
-115.778071141
-73.7102809411
-48.7761867356
-66.64373479
-96.8206060033
-221.912314104
-89.6535966031
-120.175992237
-183.396814537
-105.398794333
-116.826697373
-83.8902974007
-155.415302751
-151.630094267
-50.8852882007
-92.8040834027
-160.415065433
-45.2739661417
-107.056445703
-189.65282056
-141.886700749
-66.6553405691
-281.296030392
-112.690932707
-55.0441098505
-69.958888146
-144.784655617
-119.605173964
-250.472178131
-98.5181669857
-119.518969238
-104.394055953
-183.597036728
-172.395012443
-102.918569726
-193.803224264
-98.1084260142
-216.918488832
-245.543065021
-285.438897523
-138.683579047
-72.5185898833
-85.4554701121
-104.474834424
-136.908269038
-94.6575404097
-84.8764815807
-135.744144368
-213.731611153
-75.1542200818
-231.479284033
-306.192826883
-195.84890833
-208.228322003
-144.97222721
-104.793811516
-155.236466803
-146.489686802
-156.603737409
-313.158426524
-130.035122903
-252.977839972
-356.127256605
-422.908347042
-218.439813155
-105.210089016
-275.782568019
-188.063299747
-288.700857711
-190.822106493
-291.5042724
-161.989220774
-300.118987699
-242.607109049
-227.452347308
-32.3715546436
-205.859236433
-298.370665363
-204.030337733
-117.065114316
-151.241360359
-168.161177098
-118.089244075
-55.051287571
-74.3879385879
-142.009595019
-41.1075086481
-71.362149568
-183.173461813
-117.199183233
-85.6504576124
-88.7841906521
-145.895412297
-120.450418058
-143.82751177
-142.585315267
-52.6577103189
-98.3956467833
-92.2363781191
-210.097791518
-45.0963683791
-152.680397385
-56.4030483828
-116.701898868
-68.3188087267
-148.383441555
-109.807502621
-124.282957492
-136.568978182
-126.740950111
-112.42022759
-145.35267916
-63.931921771
-51.2662933806
-98.3927643511
-152.800859736
-44.6578592119
-85.4578133365
-144.599345712
-253.733118455
-72.6481116459
-61.422578239
-118.973159265
-288.456344652
-150.220927014
-300.5962812
-128.435674241
-66.0452051053
-163.837074974
-162.233180224
-70.0317670376
-183.166188635
-130.096936653
-44.6578592119
-65.7995499072
-223.692939553
-120.13363423
-78.8117078832
-104.199068452
-178.316537468
-159.237894198
-250.337734098
-137.420864274
-205.598621576
-123.414345959
-119.148521343
-62.1323392447
-137.545233214
-148.596543616
-147.122630914
-104.921670944
-193.458933329
-110.352982202
-114.42097242
-250.739587135
-70.647575105
-14.1167456679
-90.0578401118
-14.6410864263
-115.938193454
-14.6634578249
-163.496456701
-15.6095639568
-122.074948457
-15.8902465035
-142.80687728
-77.4952542316
-159.751158668
-221.68363159
-320.401860664
-50.7496653706
-194.459170869
-113.594892386
-20.4854684487
-247.923539457
-174.643081471
-103.289613848
-243.79211515
-166.436393716
-236.802339364
-282.664377492
-132.201025494
-112.902305424
-219.428559182
-131.966429817
-239.164375733
-139.832732039
-103.790507874
-125.994136484
-108.302100901
-149.497698133
-252.010847532
-51.0206381825
-48.9405334061
-187.62893593
-161.939245988
-196.008507311
-155.986534689
-133.37195134
-204.625834651
-59.845310276
-153.567847977
-125.940934065
-191.608236764
-71.4127988184
-94.6756263332
-141.245622434
-143.268550106
-63.1570200445
-98.9498263285
-183.640864063
-159.769184349
-109.560982685
-183.635550215
-251.210785944
-240.14835075
-186.126669752
-277.958147822
-137.564547623
-130.866475133
-79.724945386
-122.747679292
-93.1553880151
-116.697737687
-89.9897734737
-147.540937479
-176.944751759
-172.678659656
-84.4554701121
-68.0098917207
-225.790093649
-189.679458524
-164.347181069
-262.812517071
-261.712066713
-145.55891028
-70.2690942469
-96.4185658967
-160.334865491
-192.927858397
-96.809982835
-212.569246002
-170.152735328
-286.729050641
-118.678556937
-54.903542774
-200.625570447
-85.6504576124
-276.516950248
-130.707732147
-98.745231713
-131.11047511
-153.454373417
-138.889373706
-176.806405926
-191.453619481
-205.725929938
-91.3923430114
-78.1237276096
-177.198263114
-173.954556669
-120.85400693
-212.732345363
-231.442819527
-124.765265156
-155.594338445
-46.6232072444
-89.6151442278
-294.971648086
-180.036589553
-173.059625924
-230.191086808
-198.840787256
-213.979521518
-296.800547013
-204.288822478
-129.494459294
-76.2343248583
-53.7899804535
-183.894375418
-131.310067136
-83.5132661319
-49.0214889715
-155.423434969
-66.9349140202
-175.554776758
-255.668951326
-116.191727295
-121.065439333
-120.30405289
-134.906560085
-117.472578457
-156.977011638
-33.6845125415
-189.405171795
-214.754350558
-159.599245774
-116.674437868
-109.154383282
-143.349281461
-193.908735203
-132.213490711
-168.568625648
-105.572708665
-130.313344139
-110.383163123
-219.141626214
-201.976998263
-179.180109477
-198.196318285
-207.359408463
-88.0969479439
-86.3601870309
-84.0746939664
-171.278193955
-158.310515969
-217.626935939
-114.293533887
-262.879503697
-152.897069301
-86.2065409142
-145.842018465
-34.8795000417
-225.797413495
-59.2417834364
-125.225340987
-146.964653852
-249.406120921
-195.175728268
-145.260976748
-122.792888761
-47.8404017616
-237.438589744
-124.525376026
-99.5319472508
-106.725255755
-143.75389778
-190.886709244
-251.776435953
-33.8712835498
-114.009020364
-185.120012307
-129.897981623
-75.1703889739
-72.039337358
-234.913991849
-99.5906342836
-127.406519961
-85.9636242788
-248.612363742
-60.6210114693
-114.070122768
-171.669650924
-171.342513883
-185.24388634
-144.998140169
-250.398732749
-91.37284881
-109.692075901
-212.313342698
-118.472578457
-114.63215845
-125.069279771
-153.967348496
-342.564596844
-356.412424121
-98.8020159313
-153.39773175
-126.221055511
-118.00089929
-156.29310847
-148.861595467
-249.369496003
-178.091310223
-84.1204969927
-202.604116764
-155.838665805
-174.252159912
-513.921506482
-217.634385843
-32.663695372
-229.979735691
-355.067965221
-139.386752251
-98.6243290844
-190.34656836
-79.815748132
-275.99214354
-200.543100883
-296.510538677
-145.041123072
-201.728567963
-283.748132607
-79.3564817566
-138.230627492
-279.476565753
-229.986073014
-56.8749268312
-373.046408172
-141.161240741
-86.3476387727
-210.51184562
-218.402638872
-132.114082767
-143.278800992
-90.9100589604
-240.994563705
-113.364725096
-232.861375278
-42.1371117371
-223.957753186
-293.117815767
-299.784273771
-121.830830108
-112.224237173
-222.22305431
-218.80889388
-174.874922688
-287.774988518
-115.30051007
-52.6992278029
-168.827140171
-70.8729878255
-131.550399514
-141.646467236
-212.156847604
-327.218645822
-260.22253085
-279.891453514
-212.934664074
-237.209403602
-203.330468757
-400.969019815
-146.065989247
-118.047011855
-159.274507064
-61.6215075511
-138.829102601
-84.7295575534
-267.530442057
-81.5600933915
-273.700957648
-74.0052579601
-68.42492922
-129.762714187
-162.29151764
-287.31088271
-236.263871232
-54.2285277308
-75.7566717225
-228.111624832
-163.548594923
-260.411109976
-264.545476211
-345.476374535
-88.3128473626
-163.749004108
-99.3913698669
-81.5782426528
-79.9695392338
-41.6139882548
-65.6083425353
-182.734465712
-212.363064666
-190.617763488
-134.98035052
-156.534486752
-116.313623156
-115.868001574
-74.3718831154
-163.059966043
-95.6166680264
-123.819980361
-81.3765460758
-68.1286063241
-124.166019516
-58.2647025497
-151.952455291
-285.195891414
-174.275365175
-52.7316791591
-200.418777066
-326.920724587
-178.903025873
-131.476717515
-117.78683984
-63.1615212082
-83.1001070486
-84.5369709356
-60.272357601
-82.9539088302
-158.594162414
-168.546112148
-101.191591132
-55.8180858821
-177.938176876
-186.582705783
-122.798820518
-57.6338041676
-205.804554735
-112.859867372
-138.731911691
-119.034748355
-56.8747275493
-120.951143518
-228.625426801
-38.5211042096
-128.77992511
-66.8247091302
-132.129612141
-96.9560497366
-56.8240598515
-100.562894258
-119.723901779
-135.881662222
-114.437734929
-121.764447132
-32.7960086232
-73.120374073
-38.5211042096
-112.187226736
-165.326283369
-25.9142608717
-191.792266663
-284.772032774
-167.629247685
-317.173654248
-85.0303324896
-18.5930650133
-120.903703207
-38.5463174709
-51.1395988839
-204.313691376
-159.06408029
-94.7112732932
-56.9442881739
-174.643081471
-121.849461029
-49.6618504127
-17.9042785297
-31.6250168171
-25.9663446628
-31.3667443678
-230.032538608
-69.6722419655
-141.340893661
-174.212801548
-77.4684830287
-63.9806916884
-128.409547802
-153.511725101
-44.3887409045
-93.9212815313
-57.1386618919
-123.991988613
-137.313797216
-46.1632609321
-48.8238719884
-164.123289691
-176.868365275
-175.15275017
-275.000953472
-389.738680874
-133.905892635
-141.504035904
-134.223048708
-209.461659061
-64.401457552
-365.978702289
-144.172394994
-269.410210674
-110.843614268
-85.4767837191
-167.743590982
-191.244644595
-58.3366043208
-51.9580287778
-108.935932673
-223.677890618
-100.194161123
-92.3465699163
-68.3601896713
-217.268223287
-72.5152934409
-111.334762843
-111.532119539
-157.29310847
-253.945881535
-185.508551237
-100.309773662
-60.0893982778
-104.118136201
-124.413489481
-159.619833496
-59.4474226928
-153.797786571
-103.953413254
-100.053497938
-173.619976773
-95.5589649156
-18.7775058694
-201.923296194
-97.0037254856
-231.605663301
-244.463347665
-50.7089892646
-56.4927797039
-40.7683786025
-223.678602533
-91.3972376141
-95.8781553648
-359.515292729
-43.2929198484
-35.8095645101
-28.4098579884
-27.6898560982
-97.6532634933
-152.772360996
-49.9124897024
-234.656418499
-71.0632520031
-42.6673769066
-28.2043614735
-239.671738047
-165.341389526
-68.3959262051
-109.328114878
-276.580494179
-186.611640739
-137.278122836
-139.142371007
-139.786533637
-27.2897937588
-17.5241047503
-164.701768096
-45.9090228854
-63.3239151179
-35.851705631
-135.819703637
-51.9946286355
-43.8260324059
-59.885388225
-188.540590078
-95.2039471668
-154.951522865
-68.3636919023
-71.3922155043
-92.3094584664
-188.674595175
-129.286370807
-70.7020286693
-54.6681913348
-134.431208325
-137.005363666
-180.978474313
-104.943239322
-117.953528035
-221.631032688
-73.0436142745
-165.271424285
-97.7996278104
-160.299849713
-98.5092302989
-124.175972995
-69.2417975932
-172.800968196
-85.5301347045
-104.151697197
-99.5100844703
-218.923912092
-118.449053442
-148.712637605
-189.778621982
-218.789554213
-50.3837178086
-49.2797834247
-100.888654232
-84.7855294456
-86.8518365349
-114.177871798
-113.448128551
-173.217566191
-157.365221872
-229.459803246
-213.579354181
-81.7486881482
-432.152679594
-155.29310847
-95.5116838598
-83.0172230161
-60.3540885329
-105.516250233
-164.160935265
-114.315777967
-121.912534274
-152.842363721
-182.077143428
-235.536072922
-47.6714150987
-168.320836941
-106.347747018
-83.4427107937
-109.529832717
-184.370900636
-93.4849325967
-113.55335448
-113.189332514
-168.418857375
-169.821544085
-193.610503169
-117.03693149
-243.626383651
-163.524793002
